    111
    511
    115
  115151
  1 1  1
111 1  1     1122
15115111111111122
    1   1 9  1122
    11111

2211 11111
2211 1511511
2211 5    11
22111191  11
2211 1 1151
     1  5151
  1511515151
  1111 11111

        111119
        15 51
        15115
         5151
        151 1
222211  1511511
 22211115115111
222211

           112222
           112222
1111 115151112222
1555 51151 112222
1151111151 112222
1551 51515
1151 11111
 1
1111 1111
111115111
1155 55119
1111 1111

        111
        1 5  11
        1111151
        1   111
222211  15115
2222111151551
222211  511519
        11511
        151511
          1  1
          1111

2211    9
2211   111
2211111551
2211 1 151
22   1 151
   151 511
   115 151
   1511511
   11  111

       111
 1 19  1551
11115111111
11511   111
  1     5
1511   122
1515151222
1111   222
1551   222
11

  11
  111151115151
  15 151 11511
  1151511 1111
  15 1 11    1
9 5151511  111
111151 5 111 1
11151111515151
    11
  111111
  111111
  222222
  222222
  222222

          11222
          11222
      111111212
      11  11222
       1  11222
       1
     15551
     115151
 111 515111 111
915115111151151
     155151
     111111

 9    1111111 111
15511155115151222
11555 1111511 222
15111 1551551 222
  111 1151111 222
11111 1515151 222
1111      1   222
 1 11 1151511 222
11  1 1551515  22
122 1 115111111 2
122 1 155515551 2
    1 1111111 1 2
    1         1 2
    11111111111 2

          11
     11   51
   111911511
  115155  1
 11 5  11111
 1 151551 1
 11151 11 151
   1111 11551 111
   1  15111111111
21111   11
22122
222 2
22222

11111111111111
1 1      11111
1 115151515 11
1 111595111  1
1 1 51515   222
1 11151511  222
1   555151  222
11111 1  1  222
    111  1  222
        11111
        11111

   111  11
  11111 11 1111
1151 51 11 112221
1 15 95  1 1 2 21
11 1 511 11112121
15111151 1 1 2 21
111  11  51512121
151 111 11 5 2 21
 1511511151152221
 51      1111  11
 11

       11111
 11111 15951
 551 111
 1   222222  111
 1115222222  1 1
 1   22222211111
 111    1   1 5
11 5111 11511 1
115155511 15  1
1115151   551 1
    111115111 1
      1   111 1
      11111 111
             11

   111 11
   115111
   1 5111
 11511  5111
 11 19151 15
 11 11111151
  1    5  11111
 15 22222 1 111
 1152266215 1
 11 22222 111
111   1
15511 11
11 11111
     111

111
1111
1511    11
1155151115
  91 51111
 11  115151
 1511  1  12
 11 5  511 2
   111522  2
  1111 26222
  1551 22222
  11
  11

   2211 111
   22111111
   2211 11
        11 11
  111111111111
  11 11  11 11
   1  11    1
11511     1 11
1 1511511 1511
195115111 111
   1  1
   1111

     11211 111
     1 2111191
     1  22 1
 11 122   11111
151 22211151 1151
1111221  11  1  1
   5  5 151 111 1
   1 1111 51551 1
  1151 1 11 15  1
  111111111111111
  11           11

  1119
    15111
111  1111
151 11  1111
151 11     1
 151151111 1
 15151   1 1
 1 11511 1 1
 1 1 5 111 1
 1   111 1 1
11511    1 1 2222
111151111511122 2
   5115 151112222
1111111 11  12222

    11111111
11111 111511 91
1       5    11
1 1111  1 11 5122
1 1511511 11 11 2
1 1511 11111 5122
1 11   1  11111 2
1   11 11 11 5122
1 1111 15    11 2
1 5111511511 6122
111151 15151 11 2
   15   1111 6122
   1111551   2222
   111111

1111111
1111111
 1    1 11
 1 9  1111
1555151155
11 1  1511
11 1  1151
   1155515 11
 111  1112222
 1 111 1 2212
 111 1 1  222
     1511 222
      111

     11111
1111       11
1115 11 11511 111
1151151151 151511
 515111 19 151111
1151           1
1 111 2222222 15
1  11 1222222 11
1 11152222222251
1 151 2222122 11
11515    5    15
15111   15111511
15111115151151111
 1      151     1
111111111 1111111

    11 11
    15 51 11
221 11 11 111
221 15 51 115
211 11111 511 11
221115 11 151111
229 11 51 511 11
221 15 111115 11
221 11 55 511 11
221 15 11 115 511
221 11 11 111 111
 21    11     111

2222222222112
2222222222552 11
          51 111
11111151151111151
 1    111 1151 11
111111 111  11 1
115 11 1  11   1
151 5   1111   1
  1151 11 11   1
  111151  1 11 1
 1511 11511515111
 115115 55511 111
 11 115111111
 19  11 11 11

11
11 11122 222222
11 1 1     1222
 5 111122222222
111  5      11
151 11111      91
 51 15111      11
1151 555  1111111
111111 1111 5 5
1    1 555551111
1 1111511111 111
1 111  11111111
1      5      151
11111111      111

 11 11
 11 11 222
115 11 22211
151 55122211
115 11 22212
111 15
 511111115151
 11 11551 111
      11  559
      111111

 222111 1111 111
 22222115  1 1 51
222222 11511 1111
222222 11 11 1 11
        151151511
  11111 5  51  5
  11151111 151111
 11  1   1 11  51
 1515511111511511
 1511115  51
       1191

         111
     1511511
    15115151  2
11111115511  22
11      1   221
 1 11 1111 2221
15111 1111 2221
91 51  1    222
   11515511  22
    11515115222
    1551151 112
    11151511
         111

111
1511
 1 1 1111111
 1 1115 5 911 111
11 11111151 11151
11   1         1
11  1226222221 1
 1  1626226261 1
15          1  51
11511151151111511
11 111 111 111 11

       111 11111
       111115151
111     15  1 1
151  111 1  1511
15119551 1  5551
 1   111 1  1111
 1 111   1     5
 1 11111511 2222
11   1  151 2222
1511151 111 22521
11  151 11  22221
    111      222

  11
  11  11 111
 115 1595111
 511511 1515 11
 115  1 51511111
11 11 1 11155511
1511115115  1
15151 5 11 11
 11   11   51
 11 222211111
    222222
   2222
   222
   222

      11
  111115
 1511  1
95151 1511
   1  1115
 2222 5151
 2222 1115
 222211551
 2221 15111
      51511
      111
      51
      11

 11111  11
 111511151
   1  1551
11151 1111
15551 1
111 1 151
11 11 1151
15 15 1111
11122 1
   22151 9
22222 15 1
 2222 1151
  22  1111

 2222111
 2 2 1151
 2222 1 19
12222 11 11
11111 51  51
 1   1151111
 51151515 11
 1 115151  1
 11   11  11
 1111  1  1
 1151 11511
   515111
   11

111 1111 1   2222
11155 11191122222
111 1   111 12222
 1  1   11 112222
 151511111 1 1
 11515  11 111111
   1 11    1 1  1
11 1 5111  1 1111
1511511 1  1 111
1 15151111 1 111
1151  1  1 1
155111115511
 1  1   1511
 1111   1111

            111
111    11515151
15111  1  1  11
1115151111151151
  1511  1  11111
  1     1     551
  5     19  11111
 1511   5   1511
 1511 111   11
 155151 111551
 11111 111  11
       2212
    222222222
    222222222

222222111
222222111 11  111
22   151111511111
22215151 111  111
222 5     1111 11
  1111 111 511 51
  11551515115  11
  115111 5 51  51
    1  1 1111  11
   115151  1
   1111511511
    111 1 111
        9

      19
11111511
1115  15
 5 222 1
 1522211
 1 212 1
 111 1 51
 51151111
 11

             2222
 111  11111  2222
1155  11519  2222
1111115515 112222
1151  1551 1 1222
1151  1511 112222
 1     1   1  2
 11151151  111211
15   11 1     1
1115111 1111111
1151 51515   11
1555 15111
1111 11551
     111

    1111111111
    11 1 551511
    51 5 11  19
    1  1 151 1
   11151 511 1
   111 15111 1
    1515111  1
   11 11  1151
   1111  155 1
     55111 111
2222 11
2 2221
2222111
2222111

           111
          11111
         115511
        1551151
       15111151
       111551
11        1  1111
21111111111115559
2 1       1  111
2 1       21 515
222222222221 1111
             1151
              11

     111111
  1111  15151119
  1  1  5 51515
  1222222 11551
111222222 11 111
1 1222222 511511
1 5222222155 151
111   1   51151
  1151151151151
  1151151151151
       111

        11 11
    111 11151111
    1 551  1  11
 111111 1 11  1
11   15 511511511
2221111 1  11 111
222 111191 1   1
222 11   11511511
          111 111

 111
 1 1
 11111159
 151  51   111
 1    15111151
 1     1 11 51
 11    1  5111111
115 11511 1  1  1
111111111 1 222 1
     11   1122211
          1 222 1
          1   1 1
          1111111

222   11
222   11511
2222  15115
 2222  111511
  2221  15151
1  1111 11511
11  1 1   1
151 1 51151111
11519151111511
111 15155151
11      11
1

11111111
1      1 11
1 1515151151
1111111 5111
  51155 11
  11  1 15
   5 111519
   115151
   1 111511
   1  111 1
   11     1
  111111111
  2222222
  2222222

         11
 11511111151
111  1  111  222
1 5515155 5  222
1 1119111 111222
115 1   55111222
1511551151  2222
  51111111
  11

  626 626
  2626262
  6262626
  2626262
  6262626
    111
    111
     1
11111111111
15151515151
 151515151
 515151515
 111595111
 11     11

       11
       111
       1551
       51151
     11115111
  11 1     11
1111 1 222251
1 111512222 1
1151 1 2622 1
  11    1   1
     19511  5
       1511111
       11  111

      221111 111
     22615111151
    2262 1 1 15
   2262 1 1 1511
   222 11 1111 1
11  1 1111111111
195151   11 111
151115111 1 111
  55111 1 1 1 1
  1115111 1 1
  15 1     111111
  5111     1111 1
  11        11111
  11        1111

 1111111
 1515515
  1 1151
2 111551
2   11151
2 2151  1
222115  1511
222511151111
22   5   1 9
22   11111

           222222
           222222
   11         222
   1511151111 222
   11 1 1 1 1 111
    1 1 1 9 1 111
111 1   1   1  1
111151 1515151 1
1555115111 11111
111 1   5   5  1
  1 115111 11111
  1511 1515151
 11 1   1   1
 151111111111
 11

1111111111111111
15 11151  1151111
11115   1111 1551
2   111115151  11
222 11 11 1111 511
22  55    1511 111
222 11111151  11
222511   11 1111 1
 22115 11  111  91
  2 11111111111111

111 1111 111 111 9
1511111151115111 1
 1   22  1   11111
111 2222 5 115   1
151 2222 115115151
111 2222 1 1 15151
111  22  111 5 111
 5  1111  11 11 5
111511511111 11 11
111 1111 111 11111

11119  111111 111
1111  11115111151
11   2222 1 1 11
111 2222 1 1 15111
  1 222 11 1111111
 11  2 11111511151
 115151   11 1 1
 151111111 1 15111
   15115 1 1 1 151
   111111111 1 11

11 11  1111 1119
 111151111 15   11
 5 151  5 15151111
1115 11115111111
1  11151   11 2222
1 15 1 1 1 1 2222
11115151 11 2222
 51   1151 2222
11 1511111111
111111 1 1111

911111   111 11 11
1 1 11 11511511111
    11111 1515 5 1
2 22 1111  5151111
2222211115111 111
222221111   5  5
2 22 111151111 111
    11111 11 51151
    11 11511115151
    11 11 11 11 11

 222111  1 1111 11
222211111111151  1
2222 1 1 5   51111
222 1111 1111111 1
 2 11 51 111115  1
11 11 15151   1151
1111151151 11 1  1
 1 1  1 55 15 11 1
11 1115151 111111
1111 11111 11 1119

111 11 9 1  11
1 1 1151111511
1 1111      1511
111 11 2222 115511
 5  5  2222 111111
111111 2222  5  5
115511 2222 111111
1511511 11 11   11
    11511151111511
    1 1111 11 111

1 11111 1111111111
1111111511  1   1
    11  1115115111
 22  11 1 151 1 11
222211511111  5 1
2222115     111 5
 22 1 11 111 11511
  2 1 115111511 19
 1151151 111 11
 1111111

11111   22   11111
15511   22   11591
11 1  222222 11511
11111 222222 11511
   11   22      51
1115551 22 1111 11
15 111511511551 51
11 11  1511  11 11
15111151  15111151
11 11  1111  11 11

1111 11 1 11 11 11
19 1 1  151115111
   1 1111 11 15111
1111 1  1 51  1  1
111111511151115111
22   55  15  51  1
22 2 11 1511151 11
2222 155111  51
2222 11     111111
222   11111111  11

2222 1111111 11 11
2222 1 15115111111
22221  115 1 15 51
222 11151115 11511
22    11 151115511
111111    1    1
11111111 111 11111
1  111 11151 15151
1  111151  1511511
111119 11111 111 1

2222   11111111111
2222     1 11 5 1
2222   111 5115111
2222   1111511 55
 11    15 11 51511
 11    11511511 11
911    5   5  1511
 11111111 11 11511
 111   11 11511
       11 11 11111

11111 111119 222
11111 111111  222
1 1 1  5  1  12222
11151 111555112222
  5   15511   1  2
11111511 1111 1
11511 11   11 1 11
 1 5  111151155111
11151  111 11 1 11
11111 1111 11 1111

11111 11 222 91111
1 11111112222 1111
11511 111 2222 111
1  5    1  2222 11
15111511 11 222 11
1551 111 111 15511
  11555 1115511511
1511 11 1111 15 11
1115 11 1111111511
11 1111 1111 11 11

    9   2  222  11
    51122 222 1111
   1111222222 1151
  1151 22222  1 1
 1155 1     115151
 15 151111  115511
 11 11 1111 151151
 111551   1 5  111
 15 1111115151151
  1111 1111 1111

911111 111 1111111
 1   1  11    1 1
1111 1 11551111111
11 1 1 151 151  1
1111151 11 551 111
11   11 111111  1
22 2 151 1151 1111
22 2 1151 1  15511
2222  1115511511 1
22222  11111111 11

11 111111 111 111
15 15151  22251151
11511 1  2222 1511
1  151  2222 11151
151111 2222  15111
15  11 222 1111111
111555  5  11   1
1 1 11 111 11 1111
151 11511  1111111
1111 1111 91111111

11 11 1 1111 11 11
111511111151511111
 1 11 5   5  11  1
111511111511 11511
1   5  5 111 15111
1 11151511      15
1511551511 9 2 222
1 11111 11 1 2 222
1          1 22222
111111111111 22222

11 11111 11  1111
15 11151 11111  11
1511511 22 1111151
151511 2222 111 1
15 11 222222   151
111 11 2222 11 511
1511    22 111 111
 15111  1 1 15115
  1511115 9515 111
   111 1111111 111

1111112222 1111
111111222211111111
1 1          11111
1 5111 111111   22
115111 55   111 22
151   151115111 22
151 1115151 11  22
11 11551 151  111
9  15 11511511111
 1111111  111 11

11111111 111 91 11
15511 55 1 1 11  1
11 15151 551 11111
 1 11 11 1 1 11 11
111  1111111 11111
111 151 111 111 11
151 51 111 1151 22
 51 11    1111 222
1151111111111 2222
111 11 11111 22222

11111 111     1111
 1511 111    11511
   155111 22 11 11
11511511  22    1
15111   2222111551
11 5 1112222 1 151
1 11 15122   5 111
1 11151 22 111  11
1115 11    111 15
1 11 11119 111111

111 111 1111 111 9
111511511111 151 1
 5 15   1 111155 1
11 11 2   11 51511
11 5 2222 11 1   1
1511 22222  1111 1
 511 2 2222 551511
11      22  1 11 1
11511111111151   1
111 111 11111111 1

1 1 1 111 9  111 1
111111111111151111
11  5 1     151 1
 1111  22222 11 11
 5  5 22222   5 51
111 1  22222 11 1
1151111  22  11 11
151 11151115115551
 15115 1 11 115111
111  111 11 111111

1111  111 1111 111
11511511111  15111
 1     112      1
 1  11  2222    1
 1  51   22  11111
111111 22212 15151
151  1  121   1
1 151111 2  1 1
15151 1112    1
1 11  1 1  11 11
      115  511151
       11111151 9
       11  1

       111111111
       111151511
       151     1
1111     1511  5
1111111515111111
1111111111  1  1
1111  9     1  1
1111    111 1  1
2222 111111 15111
2222 111111 11111
     111111

11111111111
1   1551111
111 1511511
115    5
151  11111111
11551511111111222
  1  155 11111222
  1  111 11111222
  111111 11111222
    9

  9  111111111222
1111 111111111222
1511 111111111222
1551 111111111222
 151   5
 1   1151
 11151151
1151 1151
1511 1111
1151 1111
1111 1111

              111
     11111111 111
     115151111551
     1     1  151
     55111 5  151
     1   1 1  511
     1   15151111
222211111111  111
222211111111
222211111111
          9

    1111
 1111  1
 1511111
  1    1
11511151  11222
111551551111222
11115115  11222
 9  1  1  11222
   11511
 1115511
 1111 11

11111   111  11
1   1   1115111
1 151   1115111
11155111111  51
1111    111  11
9            1
  221111     51
  221111    111
  2211111115511
  221111    151
  221111    111

11111
11111 1111 11
15111 11151511
11511 1151  11
15511  5151111
 1 11  1
 1 11  1111222
11 51111111222
11155111111222
11111  9 11222

111111 111
15115111 11
   11     111111
 2211 11111    1
 2    11    1111
 22221111 1151
 1222 111 1555 11
  2    1  11595111
11111     151 1111
1 2 151111115   51
1 2        11 1151
1 2211111111  1151
1 1       151 1 11
111       1111111

1111111 91 111
1 1 1 1 151155
1 222 1 555111
11222 1 151155
1  2  1 1  1111
1 2221111151111
1  1   11
1111

    111
 1151111   111
 1595151111511
 1 5        1
 1 11511 11111
 1 15151 1 111
 1 115 1 1
11  1111 11111
111151 1   111
    1  11 2222
11115111112222
111111111 2222

22222222
222    1 11
222 11   111151
222551111151511
112 11515 1511
222 1 5 111511
2 1 1511151111
211 5   5    5
 11 1115151111
 11 1159511 11
 11 1    15115
 11 1111   111
 11 1551
 11 1111

 11151111111222 2
 1111111    222221
 1       11 222221
 1 11115151  2222
 1 1151 1 1   222
 1 15951511     1
 1 11511515511151
11 5 15 111 15  1
1  1111  1  151 1
1 15 151511 11111
1 111111111
1        5  111
11111111 115111
       1111
         11

22 1111 1111111111
2511511 55115  15
25 11   11  1  111
11 151 11551115111
1   11 1 11 511
11  1 15111 91 111
151111511  2  1151
11 15 15 1511111
11 11 11 111   111
11        1 111111
11111111111 11 2 2
 5        5 111222
11112611 1111  2 2
126222611151122222